# x,y
0.000000000000000000e+00 0.000000000000000000e+00
8.660254037844387076e-01 -1.500000000000000000e+00
8.660254037844387076e-01 1.500000000000000000e+00
-8.660254037844387076e-01 1.500000000000000000e+00
-8.660254037844387076e-01 -1.500000000000000000e+00
1.732050807568877415e+00 0.000000000000000000e+00
-1.732050807568877415e+00 0.000000000000000000e+00
0.000000000000000000e+00 3.000000000000000000e+00
2.598076211353316012e+00 -1.500000000000000000e+00
2.598076211353316012e+00 1.500000000000000000e+00
0.000000000000000000e+00 -3.000000000000000000e+00
-2.598076211353316012e+00 -1.500000000000000000e+00
-2.598076211353316012e+00 1.500000000000000000e+00
1.732050807568877415e+00 -3.000000000000000000e+00
-1.732050807568877415e+00 3.000000000000000000e+00
-1.732050807568877415e+00 -3.000000000000000000e+00
1.732050807568877415e+00 3.000000000000000000e+00
-3.464101615137754830e+00 0.000000000000000000e+00
3.464101615137754830e+00 0.000000000000000000e+00
3.464101615137754830e+00 3.000000000000000000e+00
8.660254037844387076e-01 -4.500000000000000000e+00
-3.464101615137754830e+00 -3.000000000000000000e+00
8.660254037844387076e-01 4.500000000000000000e+00
-8.660254037844387076e-01 4.500000000000000000e+00
-3.464101615137754830e+00 3.000000000000000000e+00
3.464101615137754830e+00 -3.000000000000000000e+00
-8.660254037844387076e-01 -4.500000000000000000e+00
-4.330127018922193649e+00 1.500000000000000000e+00
4.330127018922193649e+00 -1.500000000000000000e+00
-4.330127018922193649e+00 -1.500000000000000000e+00
4.330127018922193649e+00 1.500000000000000000e+00
-5.196152422706632024e+00 0.000000000000000000e+00
-2.598076211353316012e+00 4.500000000000000000e+00
2.598076211353316012e+00 4.500000000000000000e+00
2.598076211353316012e+00 -4.500000000000000000e+00
5.196152422706632024e+00 0.000000000000000000e+00
-2.598076211353316012e+00 -4.500000000000000000e+00
-5.196152422706632024e+00 -3.000000000000000000e+00
-5.196152422706632024e+00 3.000000000000000000e+00
0.000000000000000000e+00 -6.000000000000000000e+00
0.000000000000000000e+00 6.000000000000000000e+00
5.196152422706632024e+00 -3.000000000000000000e+00
5.196152422706632024e+00 3.000000000000000000e+00
1.732050807568877415e+00 -6.000000000000000000e+00
-1.732050807568877415e+00 6.000000000000000000e+00
-1.732050807568877415e+00 -6.000000000000000000e+00
4.330127018922193649e+00 4.500000000000000000e+00
-4.330127018922193649e+00 4.500000000000000000e+00
4.330127018922193649e+00 -4.500000000000000000e+00
-4.330127018922193649e+00 -4.500000000000000000e+00
1.732050807568877415e+00 6.000000000000000000e+00
-6.062177826491071286e+00 1.500000000000000000e+00
-6.062177826491071286e+00 -1.500000000000000000e+00
6.062177826491071286e+00 -1.500000000000000000e+00
6.062177826491071286e+00 1.500000000000000000e+00
3.464101615137754830e+00 6.000000000000000000e+00
-3.464101615137754830e+00 6.000000000000000000e+00
3.464101615137754830e+00 -6.000000000000000000e+00
-3.464101615137754830e+00 -6.000000000000000000e+00
6.928203230275509661e+00 0.000000000000000000e+00
-6.928203230275509661e+00 0.000000000000000000e+00
